<?xml version="1.0"?>
<opencv_storage>
<cameraMatrix type_id="opencv-matrix">
  <rows>3</rows>
  <cols>3</cols>
  <dt>d</dt>
  <data>
    7.4304578454387797e+002 0. 3.1196600314869949e+002 0.
    7.3903602299068416e+002 2.4415638963939955e+002 0. 0. 1.</data></cameraMatrix>
<distCoeffs type_id="opencv-matrix">
  <rows>1</rows>
  <cols>5</cols>
  <dt>d</dt>
  <data>
    -1.8222091837306212e-001 -2.4480580557523307e-002
    -1.1518928904426828e-003 -5.2610662360795817e-004
    5.5618379743762725e-001</data></distCoeffs>
<imageWidth>640</imageWidth>
<imageHeight>480</imageHeight>
</opencv_storage>
